25.142303604
27.2404426881
26.328384647
22.7365417869
21.1794741758
21.2843385196
21.8089734338
23.1938792233
19.9139075094
19.3120706434
18.2325907982
19.7167830593
17.8449531835
16.2929118768
17.6764076624
14.9352941586
14.2370507324
14.1203437232
14.5457171226
13.9585302891
14.0012210698
14.2684996955
14.7071447625
15.486554132
13.8479362464
13.7732683076
13.4428309374
14.6713634322
13.8301304415
13.3591694836
12.5491523313
13.2217614952
12.5594463104
12.2315084776
11.3080428597
10.5669363359
9.53173840808
10.5618833778
8.27055533565
9.23182814746
7.85974875829
8.12832825356
7.17051835217
7.41088823731
8.01422717032
6.75502147777
7.37159994772
7.2255077395
6.48637418784
6.75130142207
6.40564044587
6.34296622013
6.51383930235
6.3842674244
6.41609081442
6.3307181948
6.46037241493
7.04996102037
6.85283533108
5.90442752519
5.75693083991
5.83805263913
6.12286674133
5.56731789987
4.98382986908
5.13456681466
4.77820691235
5.22189664451
4.80790777522
4.76283625926
5.00740653493
5.28215675623
4.68831771654
4.78927776694
5.21919678589
4.57961219513
4.73796290349
4.67379950195
4.71659448909
4.52233166717
4.49740242219
4.3966840653
4.77173096201
4.14865821063
4.28428817601
4.50959958267
4.30482424579
4.02869039238
4.01798981111
4.40020746402
4.05792705117
3.96339549026
3.86574022533
3.76903979962
3.94809194629
3.80380490236
3.97547666138
3.67363552023
3.65959353551
3.57491728815
3.57493370741
3.74588673607
3.71713485625
3.69000916871
3.66864627845
3.64361025235
3.61052078557
3.58563326433
3.67029362303
3.63354969319
3.7048057792
3.57346663953
3.71936772675
3.66146354488
3.55594386742
3.63830816436
3.577280818
3.52299731125
3.62449374513
3.48808862852
3.39375387623
3.3556210093
3.36686204636
3.45501077415
3.43583907987
3.50478220433
3.33758299533
3.50683528474
3.3987708607
3.50739984823
3.44787968647
3.46853563231
3.39879413393
3.37292783546
3.43448852543
3.44580121057
3.37909599069
3.37160319886
3.33265009921
3.39943195094
3.38039953814
3.35924385172
3.355111389
3.32974528268
3.21034906024
3.34226554838
3.26675612051
3.21739683691
3.26134099166
3.23772409925
3.27583147326
3.2606845062
3.20144457608
3.1929296912
3.29167575743
3.33502188324
3.330475689
3.2053021353
3.19137445125
3.10238988767
3.17374726927
3.12500259036
3.09057180433
3.09112954013
3.13652385726
3.22352253379
3.11445619143
3.23188194153
3.0987919461
3.22598113404
3.08289474871
3.13169691604
3.14387430004
3.20275313615
3.18903551762
3.09066698734
3.05714386683
3.01741663973
3.0159766118
3.06249878761
3.09898002806
3.03755474435
2.95372670528
3.04906609215
2.93715231186
3.01091232416
3.03477036469
3.21312278113
2.95857882617
2.98840457974
3.01105241184
2.97312730806
3.01546075421
3.0280950531
2.90158395506
2.99658039862
3.20361511182
2.87683669253
2.90787714053
2.9166572374
3.00959507236
3.01307116685
2.934838111
2.86924152922
2.77430247117
2.81447711438
2.8602769641
2.77736218649
2.77636978738
2.76545834199
2.83465780583
2.82877018524
2.8883395579
2.77864488543
2.78821514971
2.86302169522
2.84960460746
2.8308306192
2.92501451706
2.90699759992
2.81542262522
3.03453930025
2.77924217777
2.80814238575
2.89332601923
2.75806035592
2.81574297012
2.84337932321
2.8285626339
2.73748632515
2.75408693754
2.74596421879
2.79396026676
2.90196425037
2.75014866126
3.03065450212
2.82291910129
2.73053905205
2.72859581298
2.76744002438
2.72745457864
2.82500087058
2.76007776303
2.73302074161
2.74788358365
2.80806743541
2.78294643111
2.80819723173
2.80589496121
2.75433020975
2.81734855921
2.81310644531
2.73238385832
2.80514773485
2.74012090958
2.71781072032
2.77362152969
2.91366378256
2.78678908888
2.77382888104
2.72743331778
2.7260392875
2.74318817007
2.81395742312
2.81731488018
2.7215654123
2.71927870193
2.88953275263
2.70849453492
2.79561221645
2.76880995629
2.7168330219
2.66692682275
2.64628101484
2.82551574735
2.64625002078
2.76591123334
2.70485939287
2.70392312099
2.73238866267
2.69810238543
2.70216084205
2.77280563559
2.56898914769
2.54284350822
2.50895092466
2.63029696557
2.63012375936
2.54588286629
2.57710334994
2.60218271142
2.48206794422
2.45997013864
2.49416740008
2.55039413856
2.51796352783
2.60493094704
2.4375284888
2.47711831712
2.4798712182
2.43112967879
2.55428667785
2.53647679288
2.51532641595
2.53835946888
2.54263680407
2.42896978621
2.64939923723
2.51618839904
2.47484188262
2.44002000258
2.51337061393
2.47532790445
2.65295718855
2.47495151473
2.47174248363
2.54021185551
2.60882015669
2.48357968858
2.47579940063
2.4919026824
2.43355072563
2.66130570142
2.45841439887
2.46579790406
2.48354482674
2.47332887858
2.45339489657
2.48758765043
2.68410687504
2.46821404538
2.47528918727
2.45854058765
2.51293740991
2.50133354115
2.54759688616
2.44065111009
2.58942394179
2.48027459058
2.43567265359
2.49232829789
2.54903800835
2.5069509948
2.42790801876
2.61832798467
2.46374395679
2.44765057128
2.51573812316
2.58430500187
2.40137021508
2.4458567697
2.46397591265
2.37777134285
2.33794281204
2.46479935156
2.41779096835
2.34897700734
2.37815326978
2.30511354864
2.2978896203
2.33141530535
2.33528680377
2.39699297872
2.37606627347
2.32179352896
2.29901812632
2.38452862412
2.25014306917
2.22849659424
2.4352500018
2.30311777684
2.24159193116
2.3315634381
2.26736662333
2.28457339381
2.41630955225
2.29582812398
2.33165501578
2.43682492171
2.2785973401
2.38969880236
2.2932555792
2.45094217448
2.29464012947
2.25941140882
2.26264005253
2.23854054157
2.25334700351
2.24359115216
2.32836680203
2.23601826603
2.26912861126
2.20736546021
2.31701218122
2.2523014604
2.2503608522
2.3025462711
2.22767647118
2.26398646493
2.19896570953
2.19633077571
2.23521189681
2.24039538206
2.24841226334
2.31982554002
2.22130899446
2.30492904194
2.26246753663
2.24418655009
2.27862028715
2.22054334663
2.1995614138
2.30968451193
2.2754258164
2.20463161505
2.26354192392
2.24109657466
2.22870753401
2.22974119272
2.16241259818
2.21748405488
2.24606519901
2.2983124101
2.1846047362
2.22204009604
2.29256345424
2.27793428767
2.17358402217
2.20517199092
2.20192949701
2.19879474609
2.29106673677
2.20056530297
2.25144214846
2.21163884824
2.19875856071
2.24738255362
2.17187313617
2.29527007047
2.27936603399
2.26835137438
2.21455625837
2.20980818916
2.25341285923
2.20658579198
2.2190680898
2.25435184636
2.15032960066
2.16912897452
2.15008565196
2.21978364568
2.25608441727
2.25156679656
2.20499316101
2.2667095344
2.13477116171
2.29279795269
2.15781083462
2.22099220908
2.18700894451
2.20333631536
2.25032410997
2.18350363288
2.18200294248
2.1715412587
2.21725554171
2.22940110979
2.24512701446
2.24807905093
2.16056185874
2.14458009926
2.19653961499
2.27922189997
2.26876412501
2.15804891141
2.16675243808
2.19907020492
2.19002188493
2.17675790709
2.19322511963
2.23177622137
2.1623888878
2.34691006515
2.24852926701
2.19314826323
2.22261995346
2.15442446578
2.26142149446
2.13222849815
2.16361927974
2.21531083708
2.25089416427
2.1387705407
2.12371679235
2.11138690555
2.18442549641
2.15398032344
2.13695451444
2.21562820922
2.14365582236
2.14124380218
2.10567493089
2.09756101721
2.15385738621
2.13726965445
2.15621658366
2.23926918558
2.14407629449
2.11540967781
2.29079797998
2.14124491623
2.10052486731
2.16250907422
2.12707414369
2.1955380049
2.12149839617
2.10704516847
2.12146404921
2.11630781781
2.12032166753
2.10874240524
2.11753540042
2.09887157603
2.39946362651
2.15983023712
2.19923941085
2.40679744785
2.19092182024
2.07663763741
2.10369842379
2.08784149936
2.13578589233
2.08821311351
2.15011120468
2.1624147505
2.17078827042
2.20218750424
2.1304694693
2.11440760203
2.10043905387
2.25474362184
2.18051091929
2.08844673974
2.09090908955
2.11469592693
2.1520201173
2.09347950401
2.06902127832
2.19698593251
2.02264405601
2.14674213438
2.04524626165
2.06431414687
2.0427314137
2.09823066391
2.04737408512
2.01073333033
2.07666754669
2.07763199333
2.01733732156
2.01204225617
2.15924268178
2.04027281127
2.12992662133
2.01832294714
2.0698118063
2.05897364218
2.05396045865
2.04244732387
2.05417463262
2.01776702625
2.09283213546
2.14410160449
2.02724896582
2.09377695837
2.10676818144
2.07525806047
2.07359885932
2.37201615151
2.03966933923
2.03917279079
2.04512468371
2.06132326787
2.08808772609
2.47239895036
2.07415471063
2.11827930195
2.01067218762
2.04204467162
1.98062154921
2.05045016743
2.01591921328
1.9973729222
2.03761630609
2.01542704347
2.22160632523
2.0602940252
2.13454947325
2.07334515786
2.03507804823
2.02580928225
2.03077207956
2.06147778384
2.03505878382
2.0165372274
2.02919626764
2.01451095432
2.08063681916
2.18962175492
1.99370763487
2.04595300517
2.02748592703
1.96157184816
2.0383235737
2.00915591037
1.94959859175
2.05746416085
2.01916196928
2.03560886806
2.02234906295
1.9735827051
1.98218720571
1.96514450762
1.99485627796
2.0220050599
1.97447478921
1.99140130438
1.94344870001
1.97837410143
1.96480003372
2.01221440439
1.97194918314
2.01215069455
1.99489117416
1.96996493343
1.95556491845
1.95200229252
1.94074900735
1.98981243435
2.00111900243
1.9993510753
1.98154317491
2.01862124515
2.00150724494
2.03367267721
1.9763325318
2.10894759091
1.96554236099
1.95799349619
1.95486630918
2.00080991505
2.04776953556
2.00070709437
1.98870560309
1.95722533221
2.01696279869
2.09743484941
2.01519077629
2.0217673056
2.1090817564
2.00910623357
1.98175535223
1.96935308782
2.01158299681
1.98825035932
1.95857251618
2.04549924559
1.98901256327
2.05060770962
1.93908307861
1.99756867668
2.30583664315
1.93472176914
2.00592979455
1.96195846114
1.98564740734
1.97355236042
1.95994341849
2.04304453919
2.00999894963
1.93446453555
2.12792634772
1.94063326958
1.92003951907
1.96098205196
1.94987559554
1.9682543959
1.94388645316
1.96630183052
1.94763525907
1.94634123215
2.00960942602
1.94420235419
1.96396055567
2.06912310439
1.90535109622
1.93134557739
1.96047964539
1.9242524208
1.91180017751
1.95598660766
1.90554800477
1.9545759771
2.00002773425
1.92587827828
1.93828514028
1.92386499812
1.9572273155
2.02134915651
2.01355769021
1.97174468195
2.02385681562
1.9547137963
2.08151488815
1.97876633475
1.95843097415
1.94505385861
1.93689364032
1.9248501239
2.01288161081
1.92419339808
1.93017468427
2.04105390432
1.92319223249
1.96010625877
1.9359302985
1.95733062067
1.99711027657
1.97267920963
1.92887538252
1.96124586109
1.92633073405
1.99456724284
1.94013054637
1.96486847523
1.93055538498
1.93323448017
1.93615225476
1.94215843212
1.90265637627
1.95911185422
1.95847269784
1.94057616888
1.99726559235
1.93634926625
1.94864418127
1.90998761419
1.92947685714
1.91109864559
2.13197255821
1.9611051012
2.0179120353
1.98982691564
1.94886198608
2.02128678007
2.01544010839
1.91490132065
1.92656040885
1.93023301551
1.94309741364
2.01119648101
1.96334722266
1.95337400344
1.96693671031
1.98445700636
2.01009227445
1.91777563379
1.92062658564
1.92227234237
1.94916929019
1.95904999926
1.92482864394
1.9422402731
1.96954047257
2.05237143894
1.95404202662
1.92330088773
1.95446570295
1.91327269588
1.90772791793
2.00199399189
2.05636678432
1.94553180958
1.92338532497
1.92156105635
2.24927158083
1.94150889569
2.02700665122
1.94061526798
1.94406910612
1.90476799955
1.94462553855
2.13289193252
1.91097246914
1.95560740257
1.93487888244
1.93875848732
1.97457200416
1.91885440504
1.9245170349
1.9876394114
1.94426780247
1.96574703967
1.9144439703
2.04245583612
1.92510399098
1.94151775657
1.90460716756
1.92667106919
2.02291038104
1.97038366389
1.96481003802
2.066058398
2.00101080607
1.94344875817
1.97076528704
1.94512803026
1.95510237306
1.94115934794
1.9311122163
1.98897316499
1.9340482546
1.85981363755
1.99708277978
1.95396632414
2.01551196538
1.88001686939
1.90214640088
1.85860938533
1.89709520222
1.931645092
1.91338602749
1.88669951729
1.95905319249
1.88653225275
1.91451255321
1.87439891719
1.88510115321
1.90084828325
1.89413512187
1.89489547751
1.90583217746
1.8731266869
1.92915312378
1.90329453391
1.88969701828
1.87266826382
1.92102739736
1.8645115654
2.07436671158
1.89842202856
1.95813455959
1.86720202418
1.87725435478
1.93355883761
1.9153453602
1.90670513046
1.91993033389
1.89291527259
1.89141590079
1.86020523974
1.89877119159
2.03564212539
1.9570167867
1.86623925222
1.92831366888
2.02513034211
1.95700846726
1.95843177803
1.9063463748
1.94879706711
1.91438096878
2.06581446478
1.89837289885
1.90775221026
1.86538831538
1.87017463611
2.03194367562
2.07016704662
1.95938964994
1.85199158758
1.93846340307
1.87234631075
1.89684926843
1.88603679243
1.85462536417
1.88266609555
1.86245698004
1.85225616664
1.87802237347
1.8274759448
1.81800676177
2.03957748307
1.84449650103
1.84131747557
1.91020702001
1.82715626141
1.90940060446
1.88946438199
1.85347368562
1.84793410923
1.86850241132
1.85044247794
1.81491000515
1.90669683622
1.86384462707
1.90979426067
1.86345916082
1.84790642901
1.87108204964
1.80321815067
1.92838903179
1.80093191362
1.80289363863
1.95071674906
1.88523477932
1.83857897628
1.84323546946
1.8348093478
1.82744602485
1.88606703385
1.77257803033
1.81447063146
1.83775894908
1.99012936299
1.78077863381
1.83155521067
1.77002419132
1.80897292149
1.83820624998
1.89386342084
1.81765595575
1.81444293537
1.76952807088
1.83982485304
1.78003656707
1.86673673445
1.79891365491
1.86106888421
1.83086614031
1.8032787256
2.10624107902
1.80137474566
1.89143834588
1.81165170239
1.82217192251
1.80847012257
1.78719094952
1.88668507458
1.75864652924
1.81567908646
1.83657035886
1.83659209938
1.78189337515
1.84010310744
1.86248671318
1.79802337952
1.8370861625
1.78942582386
1.80798871305
1.7916909753
1.82857542182
1.7687796576
1.80577745765
1.82568325935
1.84687656299
1.82101098679
1.75787949218
1.80332745345
1.88059206195
1.85173984265
1.85073167187
1.77487413453
1.880160923
1.80346066718
1.80431489925
1.82227369689
1.79213387273
1.81450585215
1.79515813678
1.78962406888
1.74513458994
1.76651821795
1.81658279027
1.73027282812
1.75980212216
1.73441156015
1.76795370729
1.74735587491
1.79654745278
1.77047725484
1.74282050636
1.7305186763
1.87043834476
1.88701155146
1.76121339703
1.78378256391
1.76536984195
1.85504736277
1.80292272819
1.79250570627
1.75544164553
